### [Letter] Horizontal, Vertical, Slash, Backslash

[A]
00000
00000
01110
00000
00000
---
00000
00000
00000
00000
00000
---
00100
01000
01000
01000
10000
---
00100
00010
00010
00010
00001

[B]
11110
00000
11110
00000
11110
---
10000
10001
10000
10001
10000
---
00000
00000
00001
00000
00001
---
00001
00000
00001
00000
00000

[C]
11111
00000
00000
00000
11111
---
10000
10000
10000
10000
10000
---
00000
00000
00000
00000
00000
---
00000
00000
00000
00000
00000

[D]
11110
00000
00000
00000
11110
---
10000
10000
10000
10000
10000
---
00000
00000
00000
00000
00001
---
00001
00000
00000
00000
00000

[E]
11111
00000
11111
00000
11111
---
10000
10000
10000
10000
10000
---
00000
00000
00000
00000
00000
---
00000
00000
00000
00000
00000

[F]
11111
00000
11111
00000
00000
---
10000
10000
10000
10000
10000
---
00000
00000
00000
00000
00000
---
00000
00000
00000
00000
00000

[G]
11111
00000
00111
00000
11111
---
10000
10000
10001
10001
10001
---
00000
00000
00000
00000
00000
---
00000
00000
00000
00000
00000

[H]
00000
00000
11111
00000
00000
---
10001
10001
10001
10001
10001
---
00000
00000
00000
00000
00000
---
00000
00000
00000
00000
00000

[I]
11111
00000
00000
00000
11111
---
00100
00100
00100
00100
00100
---
00000
00000
00000
00000
00000
---
00000
00000
00000
00000
00000

[J]
00000
00000
00000
00000
11111
---
00001
00001
10001
10001
10001
---
00000
00000
00000
00000
00000
---
00000
00000
00000
00000
00000

[K]
00000
00000
11100
00000
00000
---
10000
10000
10000
10000
10000
---
00001
00010
00100
00000
00000
---
00000
00000
00100
00010
00001

[L]
00000
00000
00000
00000
11111
---
10000
10000
10000
10000
10000
---
00000
00000
00000
00000
00000
---
00000
00000
00000
00000
00000

[M]
00000
00000
00000
00000
00000
---
10001
10001
10001
10001
10001
---
00001
00010
00100
00000
00000
---
10000
01000
00100
00000
00000

[N]
00000
00000
00000
00000
00000
---
10001
10001
10001
10001
10001
---
00000
00000
00000
00000
00000
---
10000
01000
00100
00010
00001

[O]
01110
00000
00000
00000
01110
---
00000
10001
10001
10001
00000
---
10000
00000
00000
00000
00001
---
00001
00000
00000
00000
10000

[P]
11111
00000
11111
00000
00000
---
10001
10001
10001
10000
10000
---
00000
00000
00000
00000
00000
---
00000
00000
00000
00000
00000

[Q]
01110
00000
00000
00000
01110
---
00000
10001
10001
10001
00000
---
10000
00000
00000
00000
00001
---
00001
00000
00100
00010
10001

[R]
11111
00000
11111
00000
00000
---
10000
10000
10000
10000
10000
---
00000
00000
00000
00000
00000
---
00000
00000
00100
00010
00001

[S]
11111
00000
11111
00000
11111
---
10000
10000
10001
00001
00001
---
00000
00000
00000
00000
00000
---
00000
00000
00000
00000
00000

[T]
11111
00000
00000
00000
00000
---
00100
00100
00100
00100
00100
---
00000
00000
00000
00000
00000
---
00000
00000
00000
00000
00000

[U]
00000
00000
00000
00000
11111
---
10001
10001
10001
10001
10001
---
00000
00000
00000
00000
00000
---
00000
00000
00000
00000
00000

[V]
00000
00000
00000
00000
00000
---
00000
00000
00000
00000
00000
---
00001
00010
00010
00010
00100
---
10000
01000
01000
01000
00100

[W]
00000
00000
00000
00000
00000
---
10001
10001
10001
10001
10001
---
00000
00000
00100
01000
10000
---
00000
00000
00100
00010
00001

[X]
00000
00000
00000
00000
00000
---
00000
00000
00000
00000
00000
---
00001
00010
00100
01000
10000
---
10000
01000
00100
00010
00001

[Y]
00000
00000
00000
00000
00000
---
00000
00000
00100
00100
00100
---
00001
00010
00100
00000
00000
---
10000
01000
00100
00000
00000

[Z]
11111
00000
00000
00000
11111
---
00000
00000
00000
00000
00000
---
00001
00010
00100
01000
10000
---
00000
00000
00000
00000
00000